{
    "poses": [
        {
            "frame": "15",
            "pose": {
                "rotation": [
                    [
                        "0.99857248468323279",
                        "-0.031800262589597242",
                        "-0.04291545330981434"
                    ],
                    [
                        "0.031844300948129241",
                        "0.99949278287120058",
                        "0.00034276159117996362"
                    ],
                    [
                        "0.04288278594820024",
                        "-0.001708884904281674",
                        "0.99907864874678609"
                    ]
                ],
                "translation": [
                    [
                        "32.061683626280427",
                        "24.845847365769764",
                        "-239.94483248657971"
                    ]
                ]
            }
        },
        {
            "frame": "14",
            "pose": {
                "rotation": [
                    [
                        "0.99990542671538285",
                        "-0.0063658872200818648",
                        "0.012190697479191208"
                    ],
                    [
                        "0.0064296295675361406",
                        "0.99996582632150577",
                        "-0.0051967348183792226"
                    ],
                    [
                        "-0.012157199050448497",
                        "0.0052746250150592592",
                        "0.99991218656549974"
                    ]
                ],
                "translation": [
                    [
                        "62.082241012951911",
                        "22.805683563302953",
                        "-339.93848776030222"
                    ]
                ]
            }
        },
        {
            "frame": "13",
            "pose": {
                "rotation": [
                    [
                        "0.9963341594909817",
                        "-0.0097360570355580663",
                        "-0.08499089259915342"
                    ],
                    [
                        "0.0082069001664052954",
                        "0.99979843874519647",
                        "-0.018322900216001536"
                    ],
                    [
                        "0.085152154529754082",
                        "0.017558219615532084",
                        "0.99621323997569555"
                    ]
                ],
                "translation": [
                    [
                        "12.572463398756554",
                        "18.458897391414308",
                        "-337.28028502820428"
                    ]
                ]
            }
        },
        {
            "frame": "12",
            "pose": {
                "rotation": [
                    [
                        "0.80839287265134407",
                        "-0.082729246024739286",
                        "-0.58280085389323599"
                    ],
                    [
                        "0.35037043654321048",
                        "0.86321404372250465",
                        "0.36345848719869317"
                    ],
                    [
                        "0.4730132351668685",
                        "-0.49801344015239241",
                        "0.7268019625623966"
                    ]
                ],
                "translation": [
                    [
                        "-92.629926067318451",
                        "154.78027361091824",
                        "-181.80105575994543"
                    ]
                ]
            }
        },
        {
            "frame": "11",
            "pose": {
                "rotation": [
                    [
                        "0.88280570626265631",
                        "0.010082925082980738",
                        "-0.4696300880606592"
                    ],
                    [
                        "-0.13695824206935645",
                        "0.96185622875284327",
                        "-0.23680167891852061"
                    ],
                    [
                        "0.44932897182283171",
                        "0.27336958468551237",
                        "0.85051310704157057"
                    ]
                ],
                "translation": [
                    [
                        "-119.662264423197",
                        "-67.94947431494343",
                        "-266.85849584363996"
                    ]
                ]
            }
        },
        {
            "frame": "10",
            "pose": {
                "rotation": [
                    [
                        "0.93793856332590908",
                        "-0.059137195023984193",
                        "0.34172217310386255"
                    ],
                    [
                        "0.056415560138596867",
                        "0.99824677685145546",
                        "0.017906900344000384"
                    ],
                    [
                        "-0.34218202173752393",
                        "0.002482875425161023",
                        "0.93963040570707612"
                    ]
                ],
                "translation": [
                    [
                        "142.04660137756809",
                        "15.83731609931103",
                        "-261.4493735271642"
                    ]
                ]
            }
        },
        {
            "frame": "9",
            "pose": {
                "rotation": [
                    [
                        "0.88975814948807808",
                        "-0.43347242587251289",
                        "-0.14294086689169644"
                    ],
                    [
                        "0.4248199742457085",
                        "0.9009964978140933",
                        "-0.087939185853707261"
                    ],
                    [
                        "0.1669084326851894",
                        "0.017520471881093094",
                        "0.9858167213856931"
                    ]
                ],
                "translation": [
                    [
                        "-21.589659879011908",
                        "15.815861929365788",
                        "-322.90358503204851"
                    ]
                ]
            }
        },
        {
            "frame": "8",
            "pose": {
                "rotation": [
                    [
                        "0.99905997320732332",
                        "-0.0083946643578696033",
                        "-0.042528808416174395"
                    ],
                    [
                        "0.007678442947717818",
                        "0.99982640819050883",
                        "-0.016976306982496001"
                    ],
                    [
                        "0.042663936162520191",
                        "0.016633793770033746",
                        "0.9989510025301227"
                    ]
                ],
                "translation": [
                    [
                        "26.878044472376253",
                        "18.79423135130066",
                        "-338.00490590034974"
                    ]
                ]
            }
        },
        {
            "frame": "7",
            "pose": {
                "rotation": [
                    [
                        "0.99874741667628242",
                        "-0.022985840320868495",
                        "-0.044443771523062579"
                    ],
                    [
                        "0.022690928245130984",
                        "0.99971711079542891",
                        "-0.0071288258650112537"
                    ],
                    [
                        "0.044595060912896743",
                        "0.0061114259860422359",
                        "0.99898645186738699"
                    ]
                ],
                "translation": [
                    [
                        "23.358197702570173",
                        "18.20293881302246",
                        "-293.72242750578107"
                    ]
                ]
            }
        },
        {
            "frame": "6",
            "pose": {
                "rotation": [
                    [
                        "0.76409017075745012",
                        "0.0015909472779795436",
                        "-0.64510749479339413"
                    ],
                    [
                        "-0.011622269554710699",
                        "0.99986860763561225",
                        "-0.011300013947795536"
                    ],
                    [
                        "0.64500475486793774",
                        "0.016131842783185631",
                        "0.76400826556142099"
                    ]
                ],
                "translation": [
                    [
                        "-161.25988186570521",
                        "6.713964063129799",
                        "-232.30558958280676"
                    ]
                ]
            }
        },
        {
            "frame": "1",
            "pose": {
                "rotation": [
                    [
                        "0.75670641872106759",
                        "-0.082381696101141808",
                        "0.64854348506004933"
                    ],
                    [
                        "0.082581495733878713",
                        "0.9961272487080155",
                        "0.030179478851607953"
                    ],
                    [
                        "-0.64851807409561846",
                        "0.030720685684052791",
                        "0.76057908664543927"
                    ]
                ],
                "translation": [
                    [
                        "208.22588010894975",
                        "8.4740478707550988",
                        "-190.07938729070955"
                    ]
                ]
            }
        },
        {
            "frame": "0",
            "pose": {
                "rotation": [
                    [
                        "0.99908296613465808",
                        "-0.0086744383092842384",
                        "-0.041928282812334662"
                    ],
                    [
                        "0.007773422298632952",
                        "0.99973636569735702",
                        "-0.021604930178246575"
                    ],
                    [
                        "0.042104639712742045",
                        "0.021259191477057984",
                        "0.99888700366578109"
                    ]
                ],
                "translation": [
                    [
                        "22.762220935077522",
                        "17.064489569678017",
                        "-364.20086623638974"
                    ]
                ]
            }
        },
        {
            "frame": "2",
            "pose": {
                "rotation": [
                    [
                        "0.61415302228709889",
                        "0.028859247043832022",
                        "-0.78865912096144963"
                    ],
                    [
                        "-0.0017800389317064109",
                        "0.99937926907515773",
                        "0.035183916840016545"
                    ],
                    [
                        "0.78918495720396531",
                        "-0.020204464924037321",
                        "0.61382316909685741"
                    ]
                ],
                "translation": [
                    [
                        "-192.59637973868618",
                        "30.52333576201011",
                        "-175.6342443719754"
                    ]
                ]
            }
        },
        {
            "frame": "3",
            "pose": {
                "rotation": [
                    [
                        "0.87540098424212975",
                        "-0.090005548947299771",
                        "0.47494433141854198"
                    ],
                    [
                        "-0.050078149223546906",
                        "0.96034101445052622",
                        "0.27429421236052159"
                    ],
                    [
                        "-0.48079652219858549",
                        "-0.26390175657397602",
                        "0.83617615794694589"
                    ]
                ],
                "translation": [
                    [
                        "213.08680829536681",
                        "99.641280728885718",
                        "-273.05860266669407"
                    ]
                ]
            }
        },
        {
            "frame": "4",
            "pose": {
                "rotation": [
                    [
                        "0.85150896895922801",
                        "-0.061678516839089773",
                        "-0.52069975642640975"
                    ],
                    [
                        "-0.22079185975863855",
                        "0.85854654461506508",
                        "-0.46276212614458179"
                    ],
                    [
                        "0.47558745825170168",
                        "0.50901236850401066",
                        "0.71744196856862497"
                    ]
                ],
                "translation": [
                    [
                        "-116.93017445895251",
                        "-135.44092604634184",
                        "-211.63016075282044"
                    ]
                ]
            }
        },
        {
            "frame": "5",
            "pose": {
                "rotation": [
                    [
                        "0.99788594185358515",
                        "-0.021078729852764377",
                        "-0.061476289728446924"
                    ],
                    [
                        "0.021577742137122036",
                        "0.99973930704083325",
                        "0.0074645161785021853"
                    ],
                    [
                        "0.061302920772550784",
                        "-0.0087752552845733918",
                        "0.99808063141183356"
                    ]
                ],
                "translation": [
                    [
                        "29.399328587600408",
                        "15.758409871113383",
                        "-272.19417481586805"
                    ]
                ]
            }
        }
    ]
}
